0.000
0.000
0.000
0.000
0.000
0.000
0.000
0.000
0.000
0.000

71.737992
70.682865
71.844790
71.105323
70.858840
71.731528
71.311296
70.514297
71.111826
70.794006

35.868835
35.689486
35.888561
35.917071
35.833402
35.881738
35.839644
35.859945
36.087958
35.884141

24.118732
23.929175
24.142954
24.087119
23.927192
24.020713
24.044809
23.985390
24.101591
23.964010

18.355897
18.221272
18.285271
18.366944
18.327162
18.359279
18.367804
18.330014
18.336848
18.391313

20.516896
20.559420
20.443123
20.535923
20.515896
20.487352
20.625147
20.617950
20.498732
20.402499

17.150247
17.107538
17.159204
17.203607
17.178311
18.092412
17.143659
17.093886
17.211229
17.073062

16.510434
16.431988
16.495377
16.493806
15.853425
16.423988
16.478203
16.385989
16.425755
16.425215

15.615566
15.261150
15.336966
15.544714
15.351569
15.501475
15.572069
15.561935
15.455396
15.257499
