73.854744
72.972494
73.234510
74.397817
73.603401
73.975302
73.202315
73.988075
74.063248
73.880934

81.155101
80.791326
80.358938
80.898152
80.177127
80.477847
81.597326
80.918648
81.519521
80.391097

39.982793
39.899242
40.119003
39.945795
40.287027
40.192174
40.256812
40.014821
40.214505
40.139959

27.069661
26.843486
26.599458
26.742111
26.577627
26.831236
26.905550
26.702636
26.927940
26.578536

20.386478
20.398688
20.397086
20.418985
20.456711
20.420277
20.432985
20.437803
20.497471
20.455687

22.791230
22.593572
22.772591
22.660354
22.663659
22.749896
22.653332
22.697164
22.539435
22.732797

18.978989
18.901800
18.987863
18.969457
18.857590
18.992162
18.993758
18.968842
19.000302
19.032776

18.104180
18.123273
18.050832
18.280575
18.166208
18.037953
18.204853
18.127976
18.227912
18.053321

16.931114
16.821087
16.645421
16.112920
16.721566
16.316159
16.918674
16.677410
16.737862
16.767871

