14.413556
14.582165
14.381031
14.385247
14.363666
14.389620
14.361149
14.437821
14.485720
14.917979

14.744454
14.590290
14.514672
14.496850
14.547103
14.445229
14.644743
14.609865
14.478591
14.437983

7.766894
7.713371
7.697136
7.693687
7.692292
7.681246
7.666836
7.713936
7.750475
7.782983

5.606447
5.590033
5.643002
5.629643
5.599137
5.582030
5.610223
5.634696
5.574599
5.596356

4.762728
4.758497
4.742852
4.757869
4.733012
4.755561
4.742076
4.744443
4.722004
4.729463

5.078098
5.068432
5.066244
5.086323
5.076358
5.068020
5.068768
5.081728
5.064863
5.064008

4.605844
4.609462
4.606827
4.609232
4.621853
4.615569
4.611633
4.622430
4.610788
4.600556

4.608015
4.560574
4.571024
4.582974
4.562164
4.559290
4.567783
4.568498
4.574013
4.587750

4.475344
4.606207
4.457166
4.659307
4.587153
4.506907
4.452670
4.460487
4.463053
4.447999
