0.000
0.000
0.000
0.000
0.000
0.000
0.000
0.000
0.000
0.000

16.686738
16.786122
16.682905
16.724537
16.723408
16.854230
16.676100
16.654270
16.660871
16.663525

8.921172
8.936866
8.914714
8.910945
8.993390
8.961276
9.011077
8.950686
8.945222
8.918616

6.540109
6.570543
6.561014
6.535131
6.558892
6.518619
6.545612
6.520574
6.528556
6.536916

5.128541
5.162688
5.130993
5.144084
5.131084
5.131070
5.159635
5.134743
5.156439
5.153154

5.548335
5.515959
5.494935
5.530502
5.467797
5.483867
5.480094
5.528373
5.521689
5.627250

5.102425
5.001121
5.052831
5.004049
5.052450
5.035663
5.017494
4.999187
5.018599
5.026395

4.731276
4.667737
4.681930
4.648491
4.640633
4.683319
4.704377
4.663188
4.677419
4.690215

4.236445
4.243269
4.230002
4.479744
4.313931
4.518143
4.258781
4.393826
4.417977
4.607067
