0.000
0.000
0.000
0.000
0.000
0.000
0.000
0.000
0.000
0.000

0.289575
0.289430
0.295276
0.288978
0.288832
0.294298
0.295360
0.295031
0.291326
0.301284

0.149253
0.149646
0.150839
0.147934
0.148955
0.151248
0.148121
0.149301
0.148496
0.150508

0.106382
0.105361
0.110555
0.106908
0.103091
0.110678
0.107375
0.104637
0.104630
0.105932

0.092125
0.091427
0.092345
0.095636
0.091920
0.091738
0.093694
0.092231
0.095034
0.092477

0.122622
0.122860
0.121221
0.120923
0.121572
0.121420
0.128517
0.123592
0.125275
0.124825

0.109324
0.110577
0.110871
0.110479
0.109542
0.109136
0.110590
0.108305
0.109944
0.109548

0.097524
0.096189
0.095969
0.101791
0.096496
0.099196
0.100964
0.096297
0.099683
0.098018

0.095804
0.091520
0.089854
0.091184
0.104718
0.094844
0.093271
0.093542
0.090213
0.092725

