18.647192
18.768695
18.671529
18.662001
18.823143
18.739574
19.512015
19.411532
18.703312
18.787410

18.824897
18.788590
18.805938
18.788205
18.963858
18.663596
18.655364
18.729038
18.673810
18.746273

10.728507
10.723209
10.729826
10.726161
10.730855
10.758402
10.740349
10.750699
10.731494
11.019970

10.665815
9.774722
9.795014
9.825604
9.896389
9.793992
10.345254
9.808811
9.815868
9.782780

9.079722
8.582636
8.559476
9.268460
8.568527
8.572306
9.094997
8.561859
8.957709
8.559892

8.855492
9.384968
8.906317
9.367203
8.828674
8.845527
9.412521
8.918637
8.926322
9.682223

8.936278
8.888748
9.571961
8.973580
9.036251
8.877271
9.287797
8.885297
9.272042
8.918516

9.382989
9.434349
9.052491
9.211919
9.716385
9.041990
9.570541
9.048055
9.290866
10.313996

9.912640
9.044470
9.590443
9.093555
9.631614
9.051953
9.483929
9.085083
9.454063
9.287243

