113.526430
113.367750
113.043368
114.407382
114.172289
112.854069
113.340858
112.937136
113.791527
113.338136

122.236573
122.022708
121.213089
122.077181
121.172992
122.480549
122.569042
120.828787
121.980376
121.284654

64.770649
64.083384
64.144958
64.336609
64.012568
64.048838
65.276488
65.194550
64.255233
65.209925

62.194553
61.785804
61.358599
61.311741
61.855493
61.358956
62.843694
61.315973
61.545860
61.324455

55.388204
56.278683
55.316985
55.713198
55.565269
55.874711
55.729750
55.599611
56.089990
55.960460

57.837463
57.807663
57.956367
57.630976
58.168382
58.206173
58.252248
61.634654
61.439643
58.027879

57.715584
57.973063
58.215623
61.713212
58.187548
57.854896
57.877995
60.893709
61.742544
61.471680

57.673690
57.889837
58.074678
58.267143
59.668593
61.435203
62.451438
57.836212
57.675832
57.734388

57.157491
57.459354
59.448466
57.624454
57.036891
57.320981
57.236991
57.442075
56.982486
57.634578

