0.291243
0.287001
0.287393
0.301747
0.290881
0.290335
0.306034
0.288047
0.287035
0.287175

0.300364
0.302463
0.300740
0.300875
0.308936
0.301098
0.301816
0.300678
0.298132
0.306583

0.164388
0.158320
0.166356
0.153282
0.159178
0.154219
0.155016
0.156488
0.153464
0.158086

0.114410
0.112586
0.110107
0.106844
0.106730
0.108618
0.112248
0.114185
0.112487
0.108333

0.103164
0.103348
0.105743
0.122140
0.101144
0.103845
0.108201
0.101518
0.101598
0.100605

0.122091
0.123047
0.119871
0.124519
0.119920
0.121079
0.123603
0.119695
0.131721
0.129725

0.112862
0.113371
0.112784
0.121254
0.108888
0.113345
0.112803
0.112795
0.114007
0.112794

0.098497
0.103638
0.100876
0.098240
0.098234
0.098503
0.098404
0.099421
0.104758
0.098291

0.097271
0.094350
0.094662
0.097226
0.101613
0.095416
0.098306
0.094224
0.097146
0.097679

