18.852949
19.191099
18.551312
18.877256
18.589462
18.718449
18.655379
19.044176
18.610714
18.691079

18.694992
18.577973
18.796848
18.486481
18.544567
18.493137
18.733941
18.513459
18.609808
18.572292

10.619642
10.634345
10.618891
10.635377
10.635999
10.641172
10.625582
10.628726
10.651000
10.629330

9.774284
9.755463
9.731227
9.751918
9.743445
9.751791
9.748091
9.724638
9.725197
9.989012

8.581245
8.551264
8.559653
8.573530
8.875616
8.613904
8.594273
8.587665
8.554856
8.542342

8.831024
8.904469
8.889271
8.925969
9.001674
8.897258
8.879549
8.891204
8.912307
8.885658

8.912834
8.825944
8.956812
8.855245
8.863422
9.144583
8.972741
8.900199
8.843145
8.818548

8.984115
9.022568
8.992627
9.005358
8.976297
9.065592
9.249325
8.980361
9.051125
8.961477

8.964620
9.002972
8.988524
8.970470
9.697956
8.962879
8.969523
9.021262
8.983552
8.982957

