114.938285
114.135559
115.399162
113.597487
113.901725
114.026279
114.004996
113.241280
114.501105
113.170779

122.662210
122.933916
121.587229
122.222890
122.534057
122.146574
123.175252
121.804672
122.162693
122.693719

64.411482
64.226605
64.095088
63.215313
65.602849
65.745798
65.968804
64.525403
64.401026
64.257757

61.719445
65.393674
66.463723
63.672246
61.628751
61.394049
61.349439
61.685929
65.146273
65.350114

60.320365
59.851413
59.898862
59.827256
59.592326
60.144953
60.796775
59.873432
56.324965
55.683135

58.195685
59.094229
61.992147
62.139301
58.534273
58.063707
60.793016
61.539327
62.095453
57.830881

58.060201
61.469451
57.714152
58.447390
62.368609
65.648530
57.793285
58.572022
61.438344
57.736944

59.347882
62.087927
62.012067
57.955365
59.450848
64.545922
57.866530
58.810409
61.417407
61.195986

60.699960
61.049763
60.794808
56.759559
58.723053
61.423041
60.393709
61.030970
61.085457
60.984609

