0.317690
0.312587
0.313748
0.308768
0.316008
0.309476
0.315676
0.313344
0.311379
0.308589

0.325420
0.333686
0.326048
0.325868
0.327237
0.340756
0.326793
0.329051
0.326185
0.324730

0.206080
0.183313
0.204215
0.185589
0.201562
0.184620
0.184926
0.230654
0.200430
0.222507

0.191336
0.185372
0.193068
0.214178
0.214462
0.204535
0.190438
0.199042
0.208503
0.211430

0.167762
0.168070
0.167798
0.167552
0.167722
0.168631
0.167660
0.168220
0.168339
0.167619

0.170144
0.169213
0.168651
0.190430
0.170054
0.192756
0.193089
0.170847
0.194793
0.170086

0.185150
0.181694
0.179224
0.183347
0.177388
0.182752
0.176321
0.187982
0.177481
0.179874

0.169332
0.171965
0.180205
0.170589
0.168045
0.170148
0.169442
0.177916
0.172165
0.168842

0.171958
0.169173
0.169465
0.171698
0.167991
0.172394
0.168120
0.167843
0.170711
0.169882

