0.295048
0.288222
0.291643
0.288520
0.287431
0.290217
0.293784
0.289961
0.287806
0.290838

0.302742
0.299801
0.300302
0.301354
0.303878
0.305408
0.302162
0.304617
0.306616
0.328065

0.156721
0.165828
0.153398
0.153916
0.161540
0.154299
0.153541
0.153675
0.154193
0.164576

0.107670
0.110963
0.114037
0.108151
0.110122
0.106611
0.108013
0.109759
0.109342
0.105561

0.100801
0.103656
0.101633
0.100971
0.101859
0.112680
0.100513
0.102150
0.102013
0.115877

0.121137
0.120809
0.123983
0.118122
0.122217
0.122639
0.118733
0.124886
0.121548
0.112878

0.112992
0.106938
0.113379
0.110536
0.113573
0.113394
0.113011
0.113289
0.113322
0.109604

0.098632
0.098414
0.098578
0.099693
0.098660
0.099733
0.098602
0.098437
0.098559
0.098792

0.093026
0.092543
0.091580
0.092395
0.092424
0.092223
0.092342
0.094043
0.096312
0.091842
